Input Size	Execution Time
10	0.0010000000
10	0.0010000000
10	0.0010000000
10	0.0010000000
10	0.0010000000
10	0.0010000000
10	0.0010000000
10	0.0010000000
10	0.0020000001
10	0.0010000000
10	0.0020000001
10	0.0020000001
10	0.0020000001
10	0.0020000001
10	0.0010000000
10	0.0020000001
10	0.0020000001
10	0.0010000000
10	0.0000000000
10	0.0000000000
10	0.0000000000
10	0.0010000000
10	0.0010000000
10	0.0010000000
10	0.0010000000
10	0.0170000009
10	0.0010000000
10	0.0000000000
10	0.0000000000
10	0.0000000000
10	0.0000000000
10	0.0000000000
10	0.0010000000
10	0.0010000000
10	0.0010000000
10	0.0000000000
10	0.0010000000
10	0.0000000000
10	0.0010000000
10	0.0010000000
10	0.0000000000
10	0.0010000000
10	0.0000000000
10	0.0170000009
10	0.0000000000
10	0.0000000000
10	0.0010000000
10	0.0000000000
10	0.0000000000
10	0.0000000000
10	0.0010000000
10	0.0010000000
10	0.0000000000
10	0.0010000000
10	0.0010000000
10	0.0010000000
10	0.0010000000
10	0.0010000000
10	0.0170000009
10	0.0010000000
10	0.0010000000
10	0.0000000000
10	0.0000000000
10	0.0000000000
10	0.0160000008
10	0.0000000000
10	0.0170000009
10	0.0010000000
10	0.0010000000
10	0.0000000000
10	0.0000000000
10	0.0010000000
10	0.0010000000
10	0.0000000000
10	0.0000000000
10	0.0000000000
10	0.0000000000
10	0.0000000000
10	0.0000000000
10	0.0000000000
10	0.0000000000
10	0.0000000000
10	0.0000000000
10	0.0000000000
10	0.0000000000
10	0.0000000000
10	0.0000000000
10	0.0000000000
10	0.0000000000
10	0.0000000000
10	0.0000000000
10	0.0000000000
10	0.0000000000
10	0.0010000000
10	0.0000000000
10	0.0010000000
10	0.0189999994
10	0.0010000000
10	0.0000000000
10	0.0000000000
100	0.0089999996
100	0.0260000005
100	0.0270000007
100	0.0099999998
100	0.0270000007
100	0.0099999998
100	0.0089999996
100	0.0089999996
100	0.0260000005
100	0.0089999996
100	0.0089999996
100	0.0089999996
100	0.0089999996
100	0.0089999996
100	0.0099999998
100	0.0099999998
100	0.0089999996
100	0.0089999996
100	0.0260000005
100	0.0260000005
100	0.0099999998
100	0.0099999998
100	0.0089999996
100	0.0089999996
100	0.0250000004
100	0.0099999998
100	0.0099999998
100	0.0089999996
100	0.0280000009
100	0.0099999998
100	0.0099999998
100	0.0270000007
100	0.0099999998
100	0.0109999999
100	0.0099999998
100	0.0099999998
100	0.0099999998
100	0.0099999998
100	0.0089999996
100	0.0089999996
100	0.0089999996
100	0.0089999996
100	0.0099999998
100	0.0099999998
100	0.0099999998
100	0.0089999996
100	0.0089999996
100	0.0089999996
100	0.0089999996
100	0.0260000005
100	0.0099999998
100	0.0270000007
100	0.0099999998
100	0.0099999998
100	0.0270000007
100	0.0089999996
100	0.0089999996
100	0.0089999996
100	0.0099999998
100	0.0089999996
100	0.0099999998
100	0.0089999996
100	0.0089999996
100	0.0099999998
100	0.0089999996
100	0.0099999998
100	0.0260000005
100	0.0099999998
100	0.0089999996
100	0.0099999998
100	0.0089999996
100	0.0099999998
100	0.0270000007
100	0.0099999998
100	0.0099999998
100	0.0089999996
100	0.0099999998
100	0.0089999996
100	0.0289999992
100	0.0099999998
100	0.0089999996
100	0.0089999996
100	0.0089999996
100	0.0089999996
100	0.0250000004
100	0.0099999998
100	0.0099999998
100	0.0089999996
100	0.0089999996
100	0.0089999996
100	0.0270000007
100	0.0099999998
100	0.0089999996
100	0.0099999998
100	0.0089999996
100	0.0099999998
100	0.0099999998
100	0.0089999996
100	0.0099999998
100	0.0089999996
1000	0.1340000033
1000	0.1230000034
1000	0.1250000000
1000	0.1239999980
1000	0.1220000014
1000	0.1220000014
1000	0.1239999980
1000	0.1940000057
1000	0.1410000026
1000	0.1420000046
1000	0.1330000013
1000	0.1400000006
1000	0.1410000026
1000	0.1230000034
1000	0.1220000014
1000	0.1230000034
1000	0.1420000046
1000	0.1360000074
1000	0.1400000006
1000	0.1220000014
1000	0.1220000014
1000	0.1209999993
1000	0.1209999993
1000	0.1550000012
1000	0.1220000014
1000	0.1410000026
1000	0.1230000034
1000	0.1389999986
1000	0.1969999969
1000	0.1220000014
1000	0.1599999964
1000	0.1230000034
1000	0.1220000014
1000	0.2329999954
1000	0.1340000033
1000	0.1679999977
1000	0.1220000014
1000	0.1420000046
1000	0.1220000014
1000	0.1220000014
1000	0.1230000034
1000	0.1400000006
1000	0.1260000020
1000	0.1230000034
1000	0.1220000014
1000	0.1490000039
1000	0.1239999980
1000	0.1220000014
1000	0.1599999964
1000	0.1230000034
1000	0.1239999980
1000	0.1209999993
1000	0.1230000034
1000	0.1230000034
1000	0.1360000074
1000	0.1560000032
1000	0.1220000014
1000	0.1379999965
1000	0.1570000052
1000	0.1410000026
1000	0.1230000034
1000	0.1270000041
1000	0.1389999986
1000	0.1379999965
1000	0.1239999980
1000	0.1230000034
1000	0.1209999993
1000	0.1469999999
1000	0.1220000014
1000	0.1230000034
1000	0.1829999983
1000	0.1239999980
1000	0.1239999980
1000	0.1220000014
1000	0.1469999999
1000	0.1220000014
1000	0.1239999980
1000	0.1220000014
1000	0.1220000014
1000	0.1400000006
1000	0.1580000073
1000	0.1239999980
1000	0.1250000000
1000	0.1230000034
1000	0.1220000014
1000	0.1640000045
1000	0.1420000046
1000	0.1230000034
1000	0.1379999965
1000	0.1250000000
1000	0.1230000034
1000	0.1420000046
1000	0.1239999980
1000	0.1239999980
1000	0.1230000034
1000	0.1239999980
1000	0.1280000061
1000	0.1439999938
1000	0.1209999993
1000	0.1220000014
10000	1.5340000391
10000	1.5729999542
10000	1.5299999714
10000	1.5850000381
10000	1.5880000591
10000	1.5880000591
10000	1.5349999666
10000	1.5169999599
10000	1.6770000458
10000	1.7029999495
10000	1.5240000486
10000	1.6349999905
10000	1.5770000219
10000	1.5369999409
10000	1.5800000429
10000	1.6009999514
10000	1.5470000505
10000	1.6670000553
10000	1.5230000019
10000	1.5349999666
10000	1.5269999504
10000	1.8609999418
10000	1.5340000391
10000	1.8669999838
10000	1.6069999933
10000	1.5549999475
10000	1.6000000238
10000	1.5329999924
10000	1.6039999723
10000	1.5060000420
10000	2.0859999657
10000	1.5620000362
10000	1.7640000582
10000	1.5720000267
10000	1.6950000525
10000	1.5329999924
10000	1.6280000210
10000	1.5670000315
10000	1.5290000439
10000	1.5779999495
10000	1.5399999619
10000	1.5520000458
10000	1.6150000095
10000	1.5160000324
10000	1.6369999647
10000	1.5219999552
10000	1.6210000515
10000	1.5110000372
10000	1.6619999409
10000	1.6480000019
10000	1.5629999638
10000	1.6510000229
10000	1.5599999428
10000	1.5850000381
10000	1.5729999542
10000	1.5190000534
10000	1.6080000401
10000	1.5240000486
10000	1.5779999495
10000	1.5290000439
10000	1.5720000267
10000	1.5379999876
10000	1.6039999723
10000	1.5399999619
10000	1.5659999847
10000	1.5249999762
10000	1.5950000286
10000	1.5729999542
10000	1.5319999456
10000	1.5290000439
10000	1.9060000181
10000	1.5210000277
10000	1.5549999475
10000	1.5709999800
10000	1.5360000134
10000	1.5820000172
10000	1.5199999809
10000	1.5750000477
10000	1.6119999886
10000	1.5390000343
10000	1.5089999437
10000	1.7130000591
10000	1.7469999790
10000	1.5279999971
10000	1.5169999599
10000	1.5299999714
10000	1.5980000496
10000	1.5230000019
10000	1.5709999800
10000	1.7519999743
10000	1.6069999933
10000	1.5900000334
10000	1.5980000496
10000	1.6349999905
10000	1.5429999828
10000	1.5149999857
10000	1.7009999752
10000	1.5620000362
10000	1.5679999590
10000	1.6139999628
100000	18.7019996643
100000	18.4230003357
100000	18.3159999847
100000	18.3980007172
100000	18.5389995575
100000	18.3029994965
100000	18.3850002289
100000	18.6639995575
100000	18.4009990692
100000	18.4120006561
100000	18.5179996490
100000	18.6490001678
100000	18.4050006866
100000	18.4090003967
100000	18.3689994812
100000	18.4710006714
100000	18.3369998932
100000	18.2299995422
100000	18.4409999847
100000	18.4060001373
100000	18.3180007935
100000	18.3600006104
100000	18.5179996490
100000	18.3610000610
100000	18.4389991760
100000	18.5659999847
100000	18.3220005035
100000	18.4769992828
100000	18.3980007172
100000	18.6539993286
100000	18.4810009003
100000	18.4720001221
100000	18.4589996338
100000	18.5760002136
100000	18.4909992218
100000	18.3379993439
100000	18.6210002899
100000	18.2689990997
100000	18.4080009460
100000	18.2900009155
100000	18.6889991760
100000	18.3199996948
100000	18.4500007629
100000	18.4820003510
100000	18.3710002899
100000	18.5100002289
100000	18.3059997559
100000	18.4850006104
100000	18.3630008698
100000	18.5139999390
100000	18.3789997101
100000	18.3490009308
100000	18.3600006104
100000	18.3409996033
100000	18.3120002747
100000	18.3290004730
100000	18.4139995575
100000	18.4580001831
100000	18.4470005035
100000	18.4820003510
100000	18.3040008545
100000	18.4559993744
100000	18.3020000458
100000	18.3840007782
100000	18.3120002747
100000	18.4629993439
100000	18.3369998932
100000	18.5440006256
100000	18.5790004730
100000	18.3090000153
100000	18.4379997253
100000	18.3980007172
100000	18.5189990997
100000	18.4029998779
100000	18.3859996796
100000	18.3269996643
100000	18.4489994049
100000	18.3560009003
100000	18.4519996643
100000	18.4930000305
100000	18.3899993896
100000	18.3729991913
100000	18.3069992065
100000	18.4669990540
100000	18.4440002441
100000	18.3810005188
100000	18.4330005646
100000	18.4969997406
100000	18.3729991913
100000	18.4710006714
100000	18.4640007019
100000	18.5839996338
100000	18.5030002594
100000	18.3850002289
100000	18.5000000000
100000	18.3229999542
100000	18.3180007935
100000	18.2970008850
100000	18.5149993896
100000	18.3540000916
